0.0362150585759589
0.0342375327643512
0.0290773905185997
0.0249945482979847
0.0096432574650207
-0.0081950031250777
-0.0288164854646657
-0.0402004887464527
-0.0505725395932171
-0.0582761425529634
-0.0658154084660891
-0.0723209775333142
-0.0727816713325367
-0.068421809784784
-0.0581318958492401
-0.0479522376808101
-0.0383132558020942
-0.0302035371667571
-0.0244406307539418
-0.0200640884671164
-0.0196257894857714
-0.0198688610138307
-0.023354744605145
-0.0260600329527856
-0.0312889242463177
-0.036930562342147
-0.0425385930901965
-0.0471728375265763
-0.0500091323469687
-0.0522361269462661
-0.053653182717547
-0.0537990218447777
-0.054678771773224
-0.0565573741105334
-0.060474405929662
-0.0645701504104865
-0.0673804947595986
-0.069197151963293
-0.0705710724205368
-0.0720674921833058
-0.0730337055624628
-0.0729407966484552
-0.0730557776603988
-0.0745786296294488
-0.0760187679201607
-0.0763857010459206
-0.0759545246267113
-0.0754673585414851
-0.0744936364971349
-0.0723427331318973
-0.0700398474663668
-0.0676772033533637
-0.066185463738357
-0.0649953681196251
-0.0641459226787986
-0.0622807699997252
-0.0600069632678335
-0.0577152209123852
-0.0548027776453561
-0.0510386605885049
-0.0474368922027883
-0.045186891885586
-0.0441781132734453
-0.0429201607236238
-0.0405606688396549
-0.0387222917956054
-0.0376124335904704
-0.0371373790899026
-0.0360285612373184
-0.0352986374240927
-0.0356160854964078
-0.0362840368586754
-0.0366111780142377
-0.0370327618050394
-0.0377921456766153
-0.0384840418805998
